# x            y            y_err
0.215  0.9999992  0.21352174
0.221  0.75382543  0.15404716
0.227  0.65636177  0.13410935
0.233  0.57469794  0.12262915
0.239  0.90060942  0.15242953
0.245  1.1093407  0.16944208
0.251  0.74079223  0.14014379
0.257  0.59790345  0.12758046
0.263  0.83931605  0.15341597
0.269  0.70182068  0.14339649
0.275  0.88640423  0.1647989
0.281  0.81026485  0.16222878
0.287  1.3936401  0.21805085
0.293  0.7282534  0.16299716
0.299  0.72347854  0.16613197
0.305  0.69772147  0.16937225
0.311  1.1572732  0.22728871
0.317  1.0906714  0.22772671
0.323  0.47429878  0.15819077
0.329  1.5778786  0.29875402
0.335  1.1745678  0.26983725
0.341  1.2412302  0.29298174
0.347  1.0661352  0.28528304
0.353  1.1808663  0.31601762
0.359  0.82895862  0.27657195
0.365  0.90988958  0.30359523
0.371  0.90501672  0.32027947
0.377  1.6164165  0.44906876
0.383  2.4764479  0.58518189
0.389  1.2512768  0.44294823
0.395  1.4315242  0.50683207
0.401  1.6069913  0.56903569
0.407  0.70605197  0.40791048
0.413  1.5808874  0.64633471
0.419  1.1482092  0.57469863
0.425  1.1005932  0.6360436
0.431  1.7029941  0.85274377
0.437  0.49579595  0.49600232
0.443  1.7327308  1.0018113
0.449  1.3557178  0.95967421
0.455  2.4512142  1.417904
0.461  1.9176791  1.3579705
0.467  1.2913003  1.2925272
0.473  1.5094143  1.5110435
0.491  3.9632767  3.973531
